This file contains tile sizes for sbatch_dgemm.sh, which ran the command

./autotune_raw.bin dgemm 6000 0 6000 0 2 -1 -1 < input_tile_sizes.txt

in which the input tile sizes are rearranged in order of fastest execution
time, as shown below:

360
384
336
368
304
380
362
316
320
312
344
326
358
364
372
328
338
382
356
296
366
376
300
378
324
318
348
370
334
306
340
276
302
314
346
292
286
354
308
342
288
280
374
350
298
278
330
352
332
294
310
322
240
252
264
266
250
242
488
480
284
272
317
472
244
253
470
301
241
486
290
484
282
489
478
490
494
262
274
492
477
305
469
270
232
485
313
432
474
481
473
466
468
254
476
487
448
493
416
482
337
479
496
224
440
345
361
297
449
471
464
258
329
434
277
497
357
495
475
465
309
289
260
249
498
245
446
236
321
246
436
268
456
412
417
408
418
438
365
483
216
293
341
442
410
409
273
248
444
453
414
450
377
335
445
349
327
369
452
333
255
303
467
256
404
353
413
420
238
325
386
491
441
392
400
381
251
319
261
402
454
281
287
406
307
437
385
388
233
228
433
447
430
401
291
339
323
405
234
422
237
265
421
390
355
415
457
424
359
389
247
343
226
229
373
451
375
419
455
443
431
393
379
499
435
462
347
295
367
315
383
394
407
411
363
311
439
285
458
459
299
403
461
243
208
225
429
463
371
425
423
231
460
387
269
230
275
217
426
428
391
279
218
398
351
235
396
397
331
220
200
239
267
257
395
427
271
209
222
192
223
221
210
263
204
283
227
399
212
259
214
206
205
213
215
219
194
188
207
202
196
184
201
190
197
189
211
193
185
180
203
198
186
195
191
177
178
199
168
183
182
172
181
173
169
174
187
170
176
160
179
164
158
156
166
157
161
171
165
175
162
167
153
159
163
152
154
155
151
150
